35
22
83
42
70
20
36
82
96
87
72
47
45
51
47
72
65
43
4
58
82
9
17
52
7
65
64
85
85
81
37
3
98
64
87
93
3
93
54
65
95
24
84
48
86
67
78
92
56
56
63
22
90
85
38
95
12
50
48
34
13
99
14
62
87
52
15
50
45
80
79
72
85
9
22
78
59
40
13
79
90
90
52
31
18
96
56
94
89
80
13
86
99
16
58
100
77
94
58
34
3
14
19
46
17
50
77
88
21
29
45
13
79
38
0
100
71
61
85
16
60
16
67
56
44
78
26
83
14
69
26
24
31
41
100
44
10
22
76
45
8
82
86
17
11
30
53
32
3
8
29
65
58
70
23
81
73
4
43
16
9
73
73
18
96
31
34
85
31
43
69
27
28
18
15
32
27
75
45
57
30
63
65
54
94
57
20
88
29
27
18
4
25
45
8
45
67
36
3
22
1
39
47
12
31
18
83
2
69
78
57
76
44
4
71
12
97
97
7
36
36
12
19
48
38
24
34
5
1
5
98
0
31
59
57
95
83
16
90
94
62
59
71
70
0
4
42
19
64
98
27
39
36
81
66
79
16
98
69
92
67
21
52
46
84
55
62
82
97
27
61
86
2
52
80
72
2
4
87
5
8
68
57
63
10
97
45
30
23
62
49
43
80
92
77
5
76
95
73
24
61
76
53
53
100
54
19
54
88
62
60
82
65
23
31
55
44
0
100
9
94
60
68
60
87
19
75
28
80
67
71
77
49
19
11
43
85
2
60
15
18
63
81
98
57
12
56
69
95
94
84
72
56
54
60
66
75
66
33
33
97
49
1
7
69
97
54
31
47
15
86
98
94
47
32
13
36
20
51
10
79
38
34
36
35
22
37
87
48
74
31
42
78
68
85
17
43
98
39
25
64
19
29
60
71
53
59
39
20
85
58
68
23
59
25
60
52
69
72
46
72
86
2
81
44
41
84
20
71
22
23
80
34
40
43
47
52
53
38
52
38
77
13
77
36
96
16
40
72
44
85
62
94
5
87
97
26
0
63
76
38
15
29
22
47
51
20
74
84
27
80
81
66
54
88
25
3
71
17
24
34
83
27
67
89
4
18
61
92
31
52
45
38
67
59
76
90
47
66
63
14
88
100
100
77
32
33
31
77
95
85
54
24
3
10
66
80
94
10
21
16
19
44
69
37
80
6
43
56
8
13
79
33
97
6
88
89
22
89
70
17
3
55
46
99
76
29
20
17
54
86
57
51
91
77
58
7
7
77
61
79
74
41
31
6
2
12
93
88
82
79
14
95
48
50
13
41
54
21
4
95
58
100
57
16
77
55
31
18
52
98
50
47
69
31
95
12
89
21
97
2
83
35
56
80
44
58
66
6
66
38
55
19
11
67
53
42
13
36
42
20
38
10
99
57
90
70
91
54
31
1
34
85
69
7
51
2
88
31
61
19
97
38
99
98
80
16
0
9
64
31
86
38
35
64
48
68
27
5
91
99
51
46
97
9
0
55
96
85
57
44
61
94
60
93
53
81
44
68
48
69
28
76
95
8
7
64
73
27
20
77
69
33
48
93
29
70
73
100
69
96
88
30
28
22
43
38
81
45
95
70
100
43
31
33
29
35
4
55
52
65
43
74
30
84
7
12
28
21
75
71
2
19
12
62
90
83
77
40
21
75
41
45
4
42
17
48
63
15
46
49
72
78
37
47
11
95
53
90
33
35
76
98
4
42
54
94
86
66
44
77
0
24
22
77
90
58
77
40
50
10
93
89
76
61
78
5
23
34
57
90
72
82
86
37
99
95
72
69
93
57
32
99
63
68
1
17
36
89
34
23
67
81
15
59
12
93
90
29
37
20
21
91
21
99
69
78
15
25
90
91
42
27
11
48
21
84
59
85
53
50
13
46
56
56
48
55
14
40
7
44
5
2
4
41
58
10
55
8
50
3
94
75
6
50
36
89
25
99
44
86
38
52
32
20
61
38
85
25
43
15
39
28
34
66
23
62
24
33
83
86
41
39
86
1
58
56
22
87
57
14
43
91
3
7
37
87
9
63
53
83
77
76
19
16
73
7
77
77
26
23
0
42
10
0
18
13
53
91
97
67
39
13
9
50
77
20
67
34
45
57
77
32
5
57
1
8
30
91
14
77
32
84
13
59
37
66
41
82
68
71
69
82
43
2
11
60
30
4
94
64
59
15
88
81
25
8
29
36
39
23
74
23
77
50
39
27
78
83
94
95
32
99
69
52
31
57
48
88
44
